-0.735,-0.002,-0.001,0.678
-0.735,-0.002,-0.001,0.678
-0.735,-0.002,-0.001,0.678
-0.735,-0.002,-0.001,0.678
-0.733,0.001,-0.004,0.680
-0.733,0.001,-0.004,0.680
-0.732,0.002,-0.004,0.681
-0.732,0.002,-0.004,0.681
-0.728,0.004,-0.007,0.686
-0.726,0.006,-0.012,0.688
-0.726,0.006,-0.012,0.688
-0.725,0.008,-0.015,0.688
-0.725,0.008,-0.015,0.688
-0.723,0.014,-0.022,0.691
-0.723,0.014,-0.022,0.691
-0.719,0.021,-0.030,0.694
-0.719,0.021,-0.030,0.694
-0.718,0.025,-0.035,0.695
-0.718,0.025,-0.035,0.695
-0.714,0.039,-0.048,0.697
-0.710,0.056,-0.063,0.699
-0.705,0.078,-0.081,0.700
-0.705,0.078,-0.081,0.700
-0.699,0.105,-0.102,0.700
-0.699,0.105,-0.102,0.700
-0.699,0.105,-0.102,0.700
-0.691,0.133,-0.125,0.699
-0.691,0.133,-0.125,0.699
-0.691,0.133,-0.125,0.699
-0.691,0.133,-0.125,0.699
-0.687,0.147,-0.135,0.699
-0.687,0.147,-0.135,0.699
-0.687,0.147,-0.135,0.699
-0.678,0.178,-0.159,0.695
-0.678,0.178,-0.159,0.695
-0.678,0.178,-0.159,0.695
-0.669,0.210,-0.183,0.690
-0.669,0.210,-0.183,0.690
-0.669,0.210,-0.183,0.690
-0.669,0.210,-0.183,0.690
-0.657,0.240,-0.207,0.684
-0.657,0.240,-0.207,0.684
-0.657,0.240,-0.207,0.684
-0.651,0.255,-0.220,0.681
-0.651,0.255,-0.220,0.681
-0.651,0.255,-0.220,0.681
-0.651,0.255,-0.220,0.681
-0.645,0.269,-0.233,0.676
-0.645,0.269,-0.233,0.676
-0.645,0.269,-0.233,0.676
-0.634,0.300,-0.262,0.663
-0.634,0.300,-0.262,0.663
-0.634,0.300,-0.262,0.663
-0.634,0.300,-0.262,0.663
-0.630,0.308,-0.270,0.660
-0.630,0.308,-0.270,0.660
-0.630,0.308,-0.270,0.660
-0.624,0.320,-0.285,0.653
-0.624,0.320,-0.285,0.653
-0.624,0.320,-0.285,0.653
-0.624,0.320,-0.285,0.653
-0.622,0.325,-0.291,0.650
-0.622,0.325,-0.291,0.650
-0.622,0.325,-0.291,0.650
-0.618,0.333,-0.300,0.646
-0.618,0.333,-0.300,0.646
-0.618,0.333,-0.300,0.646
-0.614,0.338,-0.308,0.644
-0.614,0.338,-0.308,0.644
-0.614,0.338,-0.308,0.644
-0.614,0.338,-0.308,0.644
-0.610,0.339,-0.314,0.644
-0.610,0.339,-0.314,0.644
-0.610,0.339,-0.314,0.644
-0.610,0.339,-0.314,0.644
-0.610,0.339,-0.314,0.644
-0.610,0.339,-0.314,0.644
-0.610,0.339,-0.314,0.644
-0.611,0.331,-0.310,0.649
-0.611,0.331,-0.310,0.649
-0.611,0.331,-0.310,0.649
-0.615,0.318,-0.300,0.657
-0.615,0.318,-0.300,0.657
-0.615,0.318,-0.300,0.657
-0.617,0.309,-0.294,0.661
-0.617,0.309,-0.294,0.661
-0.617,0.309,-0.294,0.661
-0.617,0.309,-0.294,0.661
-0.617,0.309,-0.294,0.661
-0.621,0.299,-0.285,0.666
-0.621,0.299,-0.285,0.666
-0.621,0.299,-0.285,0.666
-0.633,0.263,-0.255,0.682
-0.633,0.263,-0.255,0.682
-0.633,0.263,-0.255,0.682
-0.633,0.263,-0.255,0.682
-0.636,0.249,-0.243,0.689
-0.636,0.249,-0.243,0.689
-0.636,0.249,-0.243,0.689
-0.639,0.234,-0.231,0.695
-0.639,0.234,-0.231,0.695
-0.639,0.234,-0.231,0.695
-0.642,0.219,-0.218,0.702
-0.642,0.219,-0.218,0.702
-0.642,0.219,-0.218,0.702
-0.642,0.219,-0.218,0.702
-0.648,0.188,-0.191,0.713
-0.648,0.188,-0.191,0.713
-0.648,0.188,-0.191,0.713
-0.648,0.188,-0.191,0.713
-0.661,0.142,-0.147,0.722
-0.661,0.142,-0.147,0.722
-0.661,0.142,-0.147,0.722
-0.666,0.125,-0.132,0.724
-0.666,0.125,-0.132,0.724
-0.666,0.125,-0.132,0.724
-0.666,0.125,-0.132,0.724
-0.673,0.085,-0.097,0.729
-0.673,0.085,-0.097,0.729
-0.673,0.085,-0.097,0.729
-0.673,0.085,-0.097,0.729
-0.674,0.039,-0.059,0.736
-0.674,0.039,-0.059,0.736
-0.674,0.039,-0.059,0.736
-0.673,0.018,-0.042,0.738
-0.673,0.018,-0.042,0.738
-0.673,0.018,-0.042,0.738
-0.673,0.018,-0.042,0.738
-0.673,-0.022,-0.006,0.739
-0.673,-0.022,-0.006,0.739
-0.673,-0.022,-0.006,0.739
-0.672,-0.062,0.032,0.737
-0.672,-0.062,0.032,0.737
-0.672,-0.062,0.032,0.737
-0.672,-0.062,0.032,0.737
-0.671,-0.082,0.051,0.735
-0.671,-0.082,0.051,0.735
-0.671,-0.082,0.051,0.735
-0.671,-0.082,0.051,0.735
-0.670,-0.102,0.070,0.732
-0.670,-0.102,0.070,0.732
-0.670,-0.102,0.070,0.732
-0.663,-0.158,0.122,0.721
-0.663,-0.158,0.122,0.721
-0.663,-0.158,0.122,0.721
-0.663,-0.158,0.122,0.721
-0.659,-0.177,0.139,0.717
-0.659,-0.177,0.139,0.717
-0.659,-0.177,0.139,0.717
-0.651,-0.213,0.169,0.709
-0.651,-0.213,0.169,0.709
-0.651,-0.213,0.169,0.709
-0.647,-0.229,0.184,0.704
-0.647,-0.229,0.184,0.704
-0.647,-0.229,0.184,0.704
-0.647,-0.229,0.184,0.704
-0.639,-0.257,0.208,0.695
-0.639,-0.257,0.208,0.695
-0.639,-0.257,0.208,0.695
-0.632,-0.280,0.228,0.686
-0.632,-0.280,0.228,0.686
-0.632,-0.280,0.228,0.686
-0.627,-0.297,0.243,0.678
-0.627,-0.297,0.243,0.678
-0.627,-0.297,0.243,0.678
-0.624,-0.304,0.249,0.675
-0.624,-0.304,0.249,0.675
-0.624,-0.304,0.249,0.675
-0.624,-0.304,0.249,0.675
-0.621,-0.315,0.258,0.670
-0.621,-0.315,0.258,0.670
-0.621,-0.315,0.258,0.670
-0.621,-0.315,0.258,0.670
-0.618,-0.324,0.266,0.666
-0.618,-0.324,0.266,0.666
-0.618,-0.324,0.266,0.666
-0.616,-0.328,0.269,0.664
-0.616,-0.328,0.269,0.664
-0.616,-0.328,0.269,0.664
-0.616,-0.328,0.269,0.664
-0.614,-0.334,0.275,0.661
-0.614,-0.334,0.275,0.661
-0.614,-0.334,0.275,0.661
-0.614,-0.334,0.275,0.661
-0.614,-0.332,0.275,0.661
-0.614,-0.332,0.275,0.661
-0.614,-0.332,0.275,0.661
-0.615,-0.326,0.271,0.664
-0.615,-0.326,0.271,0.664
-0.615,-0.326,0.271,0.664
-0.615,-0.326,0.271,0.664
-0.619,-0.310,0.258,0.674
-0.619,-0.310,0.258,0.674
-0.619,-0.310,0.258,0.674
-0.619,-0.310,0.258,0.674
-0.622,-0.291,0.243,0.685
-0.622,-0.291,0.243,0.685
-0.622,-0.291,0.243,0.685
-0.625,-0.279,0.233,0.691
-0.625,-0.279,0.233,0.691
-0.625,-0.279,0.233,0.691
-0.625,-0.279,0.233,0.691
-0.629,-0.255,0.211,0.704
-0.629,-0.255,0.211,0.704
-0.629,-0.255,0.211,0.704
-0.636,-0.230,0.187,0.713
-0.636,-0.230,0.187,0.713
-0.636,-0.230,0.187,0.713
-0.636,-0.230,0.187,0.713
-0.638,-0.216,0.173,0.718
-0.638,-0.216,0.173,0.718
-0.638,-0.216,0.173,0.718
-0.638,-0.216,0.173,0.718
-0.638,-0.216,0.173,0.718
-0.638,-0.216,0.173,0.718
-0.638,-0.216,0.173,0.718
-0.638,-0.168,0.133,0.740
-0.638,-0.168,0.133,0.740
-0.638,-0.168,0.133,0.740
-0.638,-0.149,0.119,0.746
-0.638,-0.149,0.119,0.746
-0.638,-0.149,0.119,0.746
-0.638,-0.149,0.119,0.746
-0.640,-0.113,0.090,0.755
-0.640,-0.113,0.090,0.755
-0.640,-0.113,0.090,0.755
-0.643,-0.080,0.063,0.759
-0.643,-0.080,0.063,0.759
-0.643,-0.080,0.063,0.759
-0.644,-0.064,0.050,0.761
-0.644,-0.064,0.050,0.761
-0.644,-0.064,0.050,0.761
-0.646,-0.031,0.022,0.762
-0.646,-0.031,0.022,0.762
-0.646,-0.031,0.022,0.762
-0.646,-0.031,0.022,0.762
-0.648,0.003,-0.008,0.762
-0.648,0.003,-0.008,0.762
-0.648,0.003,-0.008,0.762
-0.649,0.019,-0.023,0.760
-0.649,0.019,-0.023,0.760
-0.649,0.019,-0.023,0.760
-0.649,0.019,-0.023,0.760
-0.649,0.019,-0.023,0.760
-0.650,0.051,-0.052,0.757
-0.650,0.051,-0.052,0.757
-0.650,0.051,-0.052,0.757
-0.650,0.066,-0.066,0.755
-0.650,0.066,-0.066,0.755
-0.650,0.066,-0.066,0.755
-0.650,0.094,-0.087,0.749
-0.650,0.094,-0.087,0.749
-0.650,0.094,-0.087,0.749
-0.648,0.120,-0.108,0.744
-0.648,0.120,-0.108,0.744
-0.648,0.120,-0.108,0.744
-0.648,0.120,-0.108,0.744
-0.648,0.120,-0.108,0.744
-0.645,0.147,-0.130,0.738
-0.645,0.147,-0.130,0.738
-0.644,0.161,-0.141,0.735
-0.644,0.161,-0.141,0.735
-0.644,0.161,-0.141,0.735
-0.644,0.161,-0.141,0.735
-0.640,0.189,-0.165,0.727
-0.640,0.189,-0.165,0.727
-0.640,0.189,-0.165,0.727
-0.640,0.189,-0.165,0.727
-0.634,0.217,-0.191,0.718
-0.634,0.217,-0.191,0.718
-0.634,0.217,-0.191,0.718
-0.634,0.217,-0.191,0.718
-0.631,0.231,-0.203,0.713
-0.631,0.231,-0.203,0.713
-0.631,0.231,-0.203,0.713
-0.628,0.242,-0.213,0.708
-0.628,0.242,-0.213,0.708
-0.628,0.242,-0.213,0.708
-0.628,0.242,-0.213,0.708
-0.619,0.278,-0.241,0.694
-0.619,0.278,-0.241,0.694
-0.619,0.278,-0.241,0.694
-0.616,0.284,-0.247,0.692
-0.616,0.284,-0.247,0.692
-0.616,0.284,-0.247,0.692
-0.616,0.284,-0.247,0.692
-0.616,0.284,-0.247,0.692
-0.615,0.289,-0.251,0.690
-0.615,0.289,-0.251,0.690
-0.615,0.289,-0.251,0.690
-0.612,0.296,-0.256,0.688
-0.612,0.296,-0.256,0.688
-0.612,0.296,-0.256,0.688
-0.609,0.297,-0.256,0.689
-0.609,0.297,-0.256,0.689
-0.609,0.291,-0.253,0.693
-0.609,0.291,-0.253,0.693
-0.609,0.291,-0.253,0.693
-0.609,0.291,-0.253,0.693
-0.612,0.283,-0.247,0.696
-0.612,0.283,-0.247,0.696
-0.612,0.283,-0.247,0.696
-0.612,0.283,-0.247,0.696
-0.612,0.283,-0.247,0.696
-0.613,0.280,-0.244,0.697
-0.613,0.280,-0.244,0.697
-0.616,0.272,-0.236,0.701
-0.616,0.272,-0.236,0.701
-0.616,0.272,-0.236,0.701
-0.616,0.272,-0.236,0.701
-0.618,0.265,-0.230,0.704
-0.618,0.265,-0.230,0.704
-0.618,0.265,-0.230,0.704
-0.618,0.265,-0.230,0.704
-0.623,0.247,-0.213,0.711
-0.623,0.247,-0.213,0.711
-0.623,0.247,-0.213,0.711
-0.623,0.247,-0.213,0.711
-0.628,0.223,-0.192,0.720
-0.628,0.223,-0.192,0.720
-0.628,0.223,-0.192,0.720
-0.630,0.210,-0.180,0.726
-0.630,0.210,-0.180,0.726
-0.630,0.210,-0.180,0.726
-0.630,0.210,-0.180,0.726
-0.632,0.196,-0.167,0.731
-0.632,0.196,-0.167,0.731
-0.632,0.196,-0.167,0.731
-0.639,0.163,-0.137,0.739
-0.639,0.163,-0.137,0.739
-0.639,0.163,-0.137,0.739
-0.639,0.163,-0.137,0.739
-0.641,0.146,-0.122,0.744
-0.641,0.146,-0.122,0.744
-0.641,0.146,-0.122,0.744
-0.641,0.146,-0.122,0.744
-0.641,0.115,-0.094,0.753
-0.641,0.115,-0.094,0.753
-0.641,0.115,-0.094,0.753
-0.642,0.083,-0.067,0.759
-0.642,0.083,-0.067,0.759
-0.642,0.083,-0.067,0.759
-0.642,0.083,-0.067,0.759
-0.641,0.052,-0.040,0.765
-0.641,0.052,-0.040,0.765
-0.641,0.052,-0.040,0.765
-0.641,0.052,-0.040,0.765
-0.641,0.036,-0.027,0.766
-0.641,0.036,-0.027,0.766
-0.641,0.036,-0.027,0.766
-0.641,0.036,-0.027,0.766
-0.642,0.019,-0.014,0.767
-0.642,0.019,-0.014,0.767
-0.642,0.019,-0.014,0.767
-0.645,-0.036,0.028,0.763
-0.645,-0.036,0.028,0.763
-0.645,-0.036,0.028,0.763
-0.645,-0.036,0.028,0.763
-0.643,-0.074,0.057,0.760
-0.643,-0.074,0.057,0.760
-0.643,-0.074,0.057,0.760
-0.643,-0.074,0.057,0.760
-0.642,-0.093,0.073,0.757
-0.641,-0.111,0.088,0.754
-0.641,-0.111,0.088,0.754
-0.632,-0.180,0.145,0.740
-0.632,-0.180,0.145,0.740
-0.632,-0.180,0.145,0.740
-0.629,-0.196,0.158,0.736
-0.629,-0.196,0.158,0.736
-0.629,-0.196,0.158,0.736
-0.629,-0.196,0.158,0.736
-0.620,-0.227,0.180,0.729
-0.620,-0.227,0.180,0.729
-0.620,-0.227,0.180,0.729
-0.620,-0.227,0.180,0.729
-0.615,-0.241,0.190,0.727
-0.615,-0.241,0.190,0.727
-0.615,-0.241,0.190,0.727
-0.615,-0.241,0.190,0.727
-0.605,-0.266,0.204,0.722
-0.605,-0.266,0.204,0.722
-0.605,-0.266,0.204,0.722
-0.602,-0.277,0.210,0.719
-0.602,-0.277,0.210,0.719
-0.602,-0.277,0.210,0.719
-0.603,-0.273,0.208,0.720
-0.603,-0.273,0.208,0.720
-0.603,-0.273,0.208,0.720
-0.603,-0.273,0.208,0.720
-0.603,-0.273,0.208,0.720
-0.605,-0.265,0.201,0.723
-0.605,-0.265,0.201,0.723
-0.605,-0.265,0.201,0.723
-0.605,-0.265,0.201,0.723
-0.605,-0.263,0.199,0.725
-0.605,-0.263,0.199,0.725
-0.605,-0.263,0.199,0.725
-0.607,-0.258,0.195,0.726
-0.607,-0.258,0.195,0.726
-0.607,-0.258,0.195,0.726
-0.608,-0.254,0.192,0.727
-0.608,-0.254,0.192,0.727
-0.608,-0.254,0.192,0.727
-0.608,-0.254,0.192,0.727
-0.610,-0.241,0.181,0.733
-0.610,-0.241,0.181,0.733
-0.610,-0.241,0.181,0.733
-0.612,-0.235,0.176,0.734
-0.615,-0.221,0.162,0.740
-0.635,-0.158,0.106,0.749
-0.635,-0.158,0.106,0.749
-0.635,-0.158,0.106,0.749
-0.635,-0.158,0.106,0.749
-0.635,-0.158,0.106,0.749
-0.635,-0.158,0.106,0.749
-0.642,-0.110,0.065,0.756
-0.642,-0.110,0.065,0.756
-0.642,-0.110,0.065,0.756
-0.645,-0.096,0.053,0.757
-0.645,-0.096,0.053,0.757
-0.645,-0.096,0.053,0.757
-0.645,-0.096,0.053,0.757
-0.645,-0.096,0.053,0.757
-0.645,-0.096,0.053,0.757
-0.645,-0.096,0.053,0.757
-0.645,-0.096,0.053,0.757
-0.650,-0.056,0.020,0.758
-0.650,-0.056,0.020,0.758
-0.650,-0.056,0.020,0.758
-0.649,-0.044,0.010,0.759
-0.649,-0.044,0.010,0.759
-0.649,-0.044,0.010,0.759
-0.649,-0.044,0.010,0.759
-0.647,-0.019,-0.008,0.762
-0.647,-0.019,-0.008,0.762
-0.647,-0.019,-0.008,0.762
-0.647,-0.019,-0.008,0.762
-0.646,-0.007,-0.017,0.764
-0.646,-0.007,-0.017,0.764
-0.646,-0.007,-0.017,0.764
-0.645,0.043,-0.051,0.762
-0.645,0.043,-0.051,0.762
-0.645,0.043,-0.051,0.762
-0.645,0.043,-0.051,0.762
-0.645,0.043,-0.051,0.762
-0.645,0.043,-0.051,0.762
-0.645,0.043,-0.051,0.762
-0.645,0.043,-0.051,0.762
-0.647,0.078,-0.071,0.755
-0.647,0.078,-0.071,0.755
-0.647,0.078,-0.071,0.755
-0.650,0.098,-0.082,0.749
-0.650,0.098,-0.082,0.749
-0.650,0.098,-0.082,0.749
-0.650,0.098,-0.082,0.749
-0.650,0.098,-0.082,0.749
-0.650,0.098,-0.082,0.749
-0.650,0.098,-0.082,0.749
-0.651,0.115,-0.090,0.745
-0.651,0.115,-0.090,0.745
-0.651,0.115,-0.090,0.745
-0.649,0.114,-0.089,0.747
-0.649,0.114,-0.089,0.747
-0.649,0.114,-0.089,0.747
-0.649,0.114,-0.089,0.747
