-0.425,-0.196,0.235,0.852
-0.428,-0.197,0.233,0.851
-0.428,-0.197,0.233,0.851
-0.428,-0.197,0.233,0.851
-0.433,-0.199,0.227,0.849
-0.433,-0.199,0.227,0.849
-0.433,-0.199,0.227,0.849
-0.434,-0.203,0.224,0.849
-0.434,-0.203,0.224,0.849
-0.433,-0.205,0.223,0.849
-0.433,-0.205,0.223,0.849
-0.433,-0.205,0.223,0.849
-0.430,-0.203,0.224,0.851
-0.430,-0.203,0.224,0.851
-0.430,-0.203,0.224,0.851
-0.430,-0.203,0.224,0.851
-0.427,-0.200,0.225,0.853
-0.427,-0.200,0.225,0.853
-0.427,-0.200,0.225,0.853
-0.425,-0.198,0.226,0.854
-0.425,-0.198,0.226,0.854
-0.425,-0.198,0.226,0.854
-0.425,-0.198,0.226,0.854
-0.422,-0.196,0.225,0.856
-0.422,-0.196,0.225,0.856
-0.422,-0.196,0.225,0.856
-0.422,-0.195,0.224,0.857
-0.422,-0.195,0.224,0.857
-0.422,-0.195,0.224,0.857
-0.421,-0.197,0.221,0.858
-0.421,-0.197,0.221,0.858
-0.420,-0.197,0.218,0.859
-0.420,-0.197,0.218,0.859
-0.420,-0.197,0.218,0.859
-0.420,-0.197,0.218,0.859
-0.421,-0.196,0.215,0.859
-0.421,-0.196,0.215,0.859
-0.421,-0.196,0.215,0.859
-0.421,-0.196,0.215,0.859
-0.422,-0.195,0.214,0.859
-0.422,-0.195,0.214,0.859
-0.422,-0.195,0.214,0.859
-0.423,-0.195,0.211,0.859
-0.423,-0.195,0.211,0.859
-0.423,-0.195,0.211,0.859
-0.425,-0.195,0.208,0.859
-0.425,-0.195,0.208,0.859
-0.425,-0.195,0.208,0.859
-0.425,-0.194,0.208,0.859
-0.425,-0.194,0.208,0.859
-0.425,-0.194,0.208,0.859
-0.426,-0.189,0.208,0.860
-0.426,-0.189,0.208,0.860
-0.426,-0.189,0.208,0.860
-0.427,-0.178,0.207,0.862
-0.427,-0.178,0.207,0.862
-0.427,-0.178,0.207,0.862
-0.427,-0.178,0.207,0.862
-0.428,-0.169,0.207,0.863
-0.428,-0.169,0.207,0.863
-0.428,-0.169,0.207,0.863
-0.431,-0.141,0.209,0.867
-0.431,-0.141,0.209,0.867
-0.431,-0.141,0.209,0.867
-0.442,-0.096,0.213,0.866
-0.442,-0.096,0.213,0.866
-0.442,-0.096,0.213,0.866
-0.442,-0.096,0.213,0.866
-0.450,-0.072,0.215,0.864
-0.450,-0.072,0.215,0.864
-0.450,-0.072,0.215,0.864
-0.450,-0.072,0.215,0.864
-0.461,-0.051,0.218,0.859
-0.461,-0.051,0.218,0.859
-0.504,-0.006,0.222,0.835
-0.504,-0.006,0.222,0.835
-0.504,-0.006,0.222,0.835
-0.504,-0.006,0.222,0.835
-0.504,-0.006,0.222,0.835
-0.504,-0.006,0.222,0.835
-0.504,-0.006,0.222,0.835
-0.537,0.010,0.219,0.815
-0.537,0.010,0.219,0.815
-0.537,0.010,0.219,0.815
-0.554,0.013,0.216,0.804
-0.554,0.013,0.216,0.804
-0.554,0.013,0.216,0.804
-0.588,0.011,0.209,0.782
-0.588,0.011,0.209,0.782
-0.588,0.011,0.209,0.782
-0.611,0.002,0.200,0.766
-0.611,0.002,0.200,0.766
-0.611,0.002,0.200,0.766
-0.611,0.002,0.200,0.766
-0.618,-0.008,0.197,0.761
-0.618,-0.008,0.197,0.761
-0.625,-0.024,0.186,0.758
-0.625,-0.024,0.186,0.758
-0.620,-0.038,0.170,0.765
-0.620,-0.038,0.170,0.765
-0.600,-0.063,0.159,0.782
-0.600,-0.063,0.159,0.782
-0.589,-0.077,0.154,0.790
-0.589,-0.077,0.154,0.790
-0.579,-0.088,0.147,0.797
-0.551,-0.112,0.122,0.818
-0.551,-0.112,0.122,0.818
-0.551,-0.112,0.122,0.818
-0.538,-0.136,0.112,0.824
-0.538,-0.136,0.112,0.824
-0.538,-0.136,0.112,0.824
-0.531,-0.152,0.102,0.828
-0.531,-0.152,0.102,0.828
-0.531,-0.152,0.102,0.828
-0.528,-0.158,0.099,0.829
-0.528,-0.158,0.099,0.829
-0.523,-0.164,0.094,0.831
-0.515,-0.166,0.094,0.836
-0.507,-0.165,0.099,0.840
-0.507,-0.165,0.099,0.840
-0.504,-0.163,0.101,0.842
-0.504,-0.163,0.101,0.842
-0.504,-0.163,0.101,0.842
-0.499,-0.159,0.108,0.845
-0.499,-0.159,0.108,0.845
-0.499,-0.159,0.108,0.845
-0.499,-0.159,0.108,0.845
-0.498,-0.157,0.112,0.845
-0.498,-0.157,0.112,0.845
-0.498,-0.157,0.112,0.845
-0.509,-0.156,0.120,0.838
-0.509,-0.156,0.120,0.838
-0.509,-0.156,0.120,0.838
-0.545,-0.152,0.123,0.815
-0.545,-0.152,0.123,0.815
-0.545,-0.152,0.123,0.815
-0.545,-0.152,0.123,0.815
-0.601,-0.151,0.122,0.776
-0.601,-0.151,0.122,0.776
-0.601,-0.151,0.122,0.776
-0.635,-0.149,0.118,0.749
-0.635,-0.149,0.118,0.749
-0.635,-0.149,0.118,0.749
-0.635,-0.149,0.118,0.749
-0.670,-0.146,0.112,0.719
-0.670,-0.146,0.112,0.719
-0.670,-0.146,0.112,0.719
-0.752,-0.147,0.089,0.636
-0.752,-0.147,0.089,0.636
-0.752,-0.147,0.089,0.636
-0.752,-0.147,0.089,0.636
-0.769,-0.152,0.083,0.615
-0.769,-0.152,0.083,0.615
-0.769,-0.152,0.083,0.615
-0.784,-0.163,0.071,0.595
-0.784,-0.163,0.071,0.595
-0.784,-0.163,0.071,0.595
-0.781,-0.171,0.068,0.596
-0.781,-0.171,0.068,0.596
-0.781,-0.171,0.068,0.596
-0.763,-0.181,0.066,0.617
-0.763,-0.181,0.066,0.617
-0.763,-0.181,0.066,0.617
-0.728,-0.190,0.074,0.654
-0.728,-0.190,0.074,0.654
-0.728,-0.190,0.074,0.654
-0.728,-0.190,0.074,0.654
-0.701,-0.193,0.082,0.682
-0.701,-0.193,0.082,0.682
-0.701,-0.193,0.082,0.682
-0.701,-0.193,0.082,0.682
-0.665,-0.197,0.094,0.714
-0.665,-0.197,0.094,0.714
-0.665,-0.197,0.094,0.714
-0.665,-0.197,0.094,0.714
-0.623,-0.201,0.107,0.749
-0.623,-0.201,0.107,0.749
-0.623,-0.201,0.107,0.749
-0.487,-0.220,0.143,0.833
-0.487,-0.220,0.143,0.833
-0.487,-0.220,0.143,0.833
-0.461,-0.222,0.149,0.846
-0.461,-0.222,0.149,0.846
-0.461,-0.222,0.149,0.846
-0.461,-0.222,0.149,0.846
-0.461,-0.204,0.153,0.850
-0.461,-0.204,0.153,0.850
-0.461,-0.204,0.153,0.850
-0.461,-0.204,0.153,0.850
-0.545,-0.172,0.150,0.807
-0.545,-0.172,0.150,0.807
-0.577,-0.169,0.147,0.786
-0.577,-0.169,0.147,0.786
-0.577,-0.169,0.147,0.786
-0.644,-0.168,0.136,0.734
-0.644,-0.168,0.136,0.734
-0.644,-0.168,0.136,0.734
-0.644,-0.168,0.136,0.734
-0.715,-0.166,0.113,0.669
-0.715,-0.166,0.113,0.669
-0.715,-0.166,0.113,0.669
-0.746,-0.165,0.099,0.638
-0.746,-0.165,0.099,0.638
-0.746,-0.165,0.099,0.638
-0.787,-0.172,0.076,0.587
-0.787,-0.172,0.076,0.587
-0.787,-0.172,0.076,0.587
-0.787,-0.172,0.076,0.587
-0.803,-0.188,0.060,0.562
-0.803,-0.188,0.060,0.562
-0.803,-0.188,0.060,0.562
-0.804,-0.197,0.056,0.559
-0.804,-0.197,0.056,0.559
-0.804,-0.197,0.056,0.559
-0.802,-0.202,0.052,0.559
-0.802,-0.202,0.052,0.559
-0.802,-0.202,0.052,0.559
-0.784,-0.204,0.046,0.584
-0.784,-0.204,0.046,0.584
-0.784,-0.204,0.046,0.584
-0.771,-0.207,0.051,0.600
-0.771,-0.207,0.051,0.600
-0.771,-0.207,0.051,0.600
-0.771,-0.207,0.051,0.600
-0.754,-0.214,0.063,0.618
-0.754,-0.214,0.063,0.618
-0.754,-0.214,0.063,0.618
-0.681,-0.216,0.100,0.692
-0.681,-0.216,0.100,0.692
-0.681,-0.216,0.100,0.692
-0.681,-0.216,0.100,0.692
-0.646,-0.217,0.117,0.722
-0.646,-0.217,0.117,0.722
-0.646,-0.217,0.117,0.722
-0.570,-0.222,0.146,0.778
-0.570,-0.222,0.146,0.778
-0.570,-0.222,0.146,0.778
-0.542,-0.223,0.156,0.795
-0.542,-0.223,0.156,0.795
-0.542,-0.223,0.156,0.795
-0.542,-0.223,0.156,0.795
-0.555,-0.203,0.166,0.790
-0.555,-0.203,0.166,0.790
-0.555,-0.203,0.166,0.790
-0.555,-0.203,0.166,0.790
-0.630,-0.178,0.157,0.740
-0.630,-0.178,0.157,0.740
-0.630,-0.178,0.157,0.740
-0.630,-0.178,0.157,0.740
-0.669,-0.175,0.151,0.707
-0.669,-0.175,0.151,0.707
-0.669,-0.175,0.151,0.707
-0.736,-0.177,0.135,0.640
-0.736,-0.177,0.135,0.640
-0.736,-0.177,0.135,0.640
-0.736,-0.177,0.135,0.640
-0.765,-0.181,0.123,0.606
-0.765,-0.181,0.123,0.606
-0.765,-0.181,0.123,0.606
-0.803,-0.191,0.100,0.556
-0.803,-0.191,0.100,0.556
-0.803,-0.191,0.100,0.556
-0.803,-0.191,0.100,0.556
-0.813,-0.202,0.081,0.540
-0.813,-0.202,0.081,0.540
-0.813,-0.202,0.081,0.540
-0.806,-0.220,0.079,0.544
-0.806,-0.220,0.079,0.544
-0.806,-0.220,0.079,0.544
-0.806,-0.220,0.079,0.544
-0.793,-0.230,0.082,0.558
-0.793,-0.230,0.082,0.558
-0.793,-0.230,0.082,0.558
-0.793,-0.230,0.082,0.558
-0.786,-0.234,0.085,0.566
-0.786,-0.234,0.085,0.566
-0.786,-0.234,0.085,0.566
-0.778,-0.238,0.093,0.574
-0.778,-0.238,0.093,0.574
-0.778,-0.238,0.093,0.574
-0.734,-0.238,0.110,0.626
-0.734,-0.238,0.110,0.626
